TBME from USDB interaction extracted from ANTOINE
Numbers of TBME: 60
Total sum of TBME: -45.609600
-6.0099
-4.6189
-4.3205
-4.2117
-4.1823
-4.046
-3.7093
-3.1025
-2.966
-2.511
-1.8992
-1.8504
-1.6913
-1.6651
-1.6582
-1.5602
-1.4447
-1.3796
-1.3349
-1.2187
-1.2167
-1.2124
-1.015
-0.9405
-0.9317
-0.9201
-0.8493
-0.6464
-0.5525
-0.5344
-0.5032
-0.4429
-0.3173
-0.3154
-0.3147
-0.3034
-0.2137
-0.1545
-0.0974
-0.0456
0.0272
0.0968
0.1574
0.1922
0.3494
0.3713
0.5158
0.6556
0.6841
0.7673
0.8866
1.1792
1.2526
1.43
1.6131
1.6231
1.6647
2.0226
2.3102
3.4987
