TBME from W interaction extracted from NushellX
Numbers of TBME: 63
Total sum of TBME: -51.545500
-6.5058
-4.5062
-4.293
-4.2256
-3.8598
-3.8253
-3.2628
-3.1856
-2.8842
-2.8197
-2.1845
-2.1246
-1.941
-1.8194
-1.708
-1.6321
-1.6221
-1.5012
-1.4497
-1.4474
-1.4151
-1.3247
-1.242
-1.2363
-1.1756
-1.1026
-1.0835
-1.002
-0.8616
-0.8183
-0.6198
-0.6149
-0.5377
-0.5247
-0.5154
-0.477
-0.4064
-0.4041
-0.3248
-0.2828
-0.1641
-0.0665
0.0275
0.0968
0.1874
0.1887
0.2832
0.3983
0.5647
0.5894
0.6066
0.6741
0.7221
0.7626
1.0334
1.2032
1.2501
1.8949
2.0337
2.0664
2.1042
2.2216
2.5435
